 60 20150215 220000 1,1381700 1,1420900 1,1379000 1,1412300 140
 60 20150215 230000 1,1412000 1,1416600 1,1404500 1,1410300 546
 60 20150216 000000 1,1408200 1,1423000 1,1404500 1,1404500 1799
 60 20150216 010000 1,1404900 1,1413900 1,1384500 1,1399100 2592
 60 20150216 020000 1,1391800 1,1402400 1,1389000 1,1398300 9825
 60 20150216 030000 1,1398700 1,1400900 1,1386000 1,1397200 27665
 60 20150216 040000 1,1397500 1,1412000 1,1394000 1,1408400 43037
 60 20150216 050000 1,1408400 1,1410200 1,1401000 1,1408500 25076
 60 20150216 060000 1,1408400 1,1420400 1,1401000 1,1414000 26171
 60 20150216 070000 1,1414300 1,1422500 1,1411000 1,1420400 32371
 60 20150216 080000 1,1420500 1,1421100 1,1411000 1,1415800 24180
 60 20150216 090000 1,1416000 1,1418500 1,1406000 1,1414200 21968
 60 20150216 100000 1,1413000 1,1425600 1,1406000 1,1417100 23108
 60 20150216 110000 1,1417300 1,1429000 1,1407000 1,1427600 46555
 60 20150216 120000 1,1428100 1,1430000 1,1409000 1,1419000 61145
 60 20150216 130000 1,1418900 1,1420700 1,1393000 1,1402800 54450
 60 20150216 140000 1,1403000 1,1420000 1,1394000 1,1415600 53878
 60 20150216 150000 1,1415500 1,1420100 1,1407000 1,1416500 47053
 60 20150216 160000 1,1416600 1,1420000 1,1407000 1,1410900 37707
 60 20150216 170000 1,1411100 1,1412300 1,1397000 1,1405700 57065
 60 20150216 180000 1,1405700 1,1415000 1,1401000 1,1410800 39490
 60 20150216 190000 1,1410400 1,1413800 1,1399000 1,1403000 41511
 60 20150216 200000 1,1403000 1,1406300 1,1362000 1,1372600 61915
 60 20150216 210000 1,1372500 1,1381200 1,1338000 1,1356000 74300
 60 20150216 220000 1,1355500 1,1360300 1,1318000 1,1331000 55098
 60 20150216 230000 1,1330000 1,1352000 1,1326000 1,1342700 35433
 60 20150217 000000 1,1342500 1,1360000 1,1337300 1,1346100 35702
 60 20150217 010000 1,1346100 1,1356000 1,1343000 1,1353000 32798
 60 20150217 020000 1,1351900 1,1358100 1,1340900 1,1345500 23554
 60 20150217 030000 1,1345800 1,1348100 1,1328000 1,1331600 46058
 60 20150217 040000 1,1332000 1,1343100 1,1321000 1,1332800 51782
 60 20150217 050000 1,1332800 1,1339400 1,1325000 1,1336500 37921
 60 20150217 060000 1,1336700 1,1355200 1,1335000 1,1353100 32979
 60 20150217 070000 1,1352700 1,1362900 1,1344000 1,1359900 40624
 60 20150217 080000 1,1360100 1,1366300 1,1355000 1,1360600 30009
 60 20150217 090000 1,1360600 1,1366800 1,1354000 1,1365400 26702
 60 20150217 100000 1,1366500 1,1367500 1,1344000 1,1347800 38161
 60 20150217 110000 1,1348000 1,1360600 1,1341000 1,1352100 63436
 60 20150217 120000 1,1351200 1,1355500 1,1335000 1,1352100 76906
 60 20150217 130000 1,1350600 1,1398700 1,1346000 1,1386600 101185
 60 20150217 140000 1,1387400 1,1411100 1,1374000 1,1405700 91578
 60 20150217 150000 1,1405500 1,1449000 1,1402000 1,1438800 95065
 60 20150217 160000 1,1439200 1,1441800 1,1419000 1,1426400 71154
 60 20150217 170000 1,1426500 1,1427300 1,1409000 1,1415500 87172
 60 20150217 180000 1,1415400 1,1431800 1,1394000 1,1398600 104876
 60 20150217 190000 1,1399100 1,1404300 1,1379000 1,1400800 97525
 60 20150217 200000 1,1400100 1,1405300 1,1388000 1,1394100 71304
 60 20150217 210000 1,1394100 1,1424700 1,1386000 1,1417200 62173
 60 20150217 220000 1,1417100 1,1425200 1,1389300 1,1404500 62106
 60 20150217 230000 1,1403000 1,1415000 1,1399000 1,1411800 38598
 60 20150218 000000 1,1412000 1,1420600 1,1407000 1,1417300 35918
 60 20150218 010000 1,1417400 1,1419400 1,1408000 1,1409900 24735
 60 20150218 020000 1,1409900 1,1415100 1,1407000 1,1409600 13243
 60 20150218 030000 1,1409600 1,1410700 1,1398000 1,1403100 26722
 60 20150218 040000 1,1403600 1,1405300 1,1394000 1,1402700 31836
 60 20150218 050000 1,1402700 1,1404600 1,1395000 1,1398600 24009
 60 20150218 060000 1,1398600 1,1416100 1,1395000 1,1407700 36425
 60 20150218 070000 1,1407200 1,1408400 1,1400000 1,1403900 26096
 60 20150218 080000 1,1403900 1,1406800 1,1399000 1,1403700 20848
 60 20150218 090000 1,1403700 1,1411000 1,1399000 1,1410600 22215
 60 20150218 100000 1,1410400 1,1412200 1,1393000 1,1396400 29738
 60 20150218 110000 1,1396600 1,1396600 1,1384000 1,1387900 47929
 60 20150218 120000 1,1387800 1,1407400 1,1376000 1,1407400 66584
 60 20150218 130000 1,1407100 1,1412000 1,1386000 1,1393000 75897
 60 20150218 140000 1,1392300 1,1395800 1,1379000 1,1387400 58108
 60 20150218 150000 1,1387800 1,1388100 1,1356000 1,1370300 75473
 60 20150218 160000 1,1370300 1,1384500 1,1363000 1,1383900 62271
 60 20150218 170000 1,1384200 1,1390000 1,1365000 1,1374100 85511
 60 20150218 180000 1,1374000 1,1382300 1,1350000 1,1356700 86914
 60 20150218 190000 1,1356700 1,1368300 1,1344000 1,1360700 98434
 60 20150218 200000 1,1360600 1,1370000 1,1336000 1,1340800 74575
 60 20150218 210000 1,1340000 1,1346600 1,1332000 1,1342200 46590
 60 20150218 220000 1,1342300 1,1354200 1,1334000 1,1338100 49172
 60 20150218 230000 1,1338300 1,1410800 1,1337000 1,1382200 101725
 60 20150219 000000 1,1380100 1,1407800 1,1376000 1,1399500 50018
 60 20150219 010000 1,1397900 1,1404700 1,1391000 1,1396000 29630
 60 20150219 020000 1,1396200 1,1405700 1,1390900 1,1401900 15877
 60 20150219 030000 1,1401700 1,1403700 1,1396000 1,1399200 14265
 60 20150219 040000 1,1399200 1,1405400 1,1396000 1,1403200 19793
 60 20150219 050000 1,1403200 1,1418300 1,1398000 1,1416200 23105
 60 20150219 060000 1,1416400 1,1423400 1,1413000 1,1421100 25190
 60 20150219 070000 1,1421500 1,1424400 1,1415000 1,1418500 15887
 60 20150219 080000 1,1418300 1,1420600 1,1409800 1,1413400 20220
 60 20150219 090000 1,1413400 1,1421600 1,1409000 1,1420000 20210
 60 20150219 100000 1,1420900 1,1422000 1,1406000 1,1413200 22310
 60 20150219 110000 1,1412800 1,1424900 1,1406000 1,1409200 50825
 60 20150219 120000 1,1409200 1,1450000 1,1406000 1,1432400 90857
 60 20150219 130000 1,1432500 1,1450100 1,1392900 1,1396000 96646
 60 20150219 140000 1,1393900 1,1406000 1,1383000 1,1397600 82716
 60 20150219 150000 1,1397800 1,1403100 1,1384000 1,1395800 70513
 60 20150219 160000 1,1395700 1,1396600 1,1354800 1,1379400 107760
 60 20150219 170000 1,1379600 1,1392600 1,1364000 1,1369500 89341
 60 20150219 180000 1,1369300 1,1390000 1,1365000 1,1373200 80524
 60 20150219 190000 1,1369400 1,1396600 1,1368500 1,1389500 74140
 60 20150219 200000 1,1389300 1,1394700 1,1380000 1,1391300 64379
 60 20150219 210000 1,1391200 1,1395700 1,1363000 1,1375400 55798
 60 20150219 220000 1,1374000 1,1381000 1,1363000 1,1367200 40138
 60 20150219 230000 1,1367200 1,1374000 1,1355000 1,1362900 32343
 60 20150220 000000 1,1364200 1,1366700 1,1355000 1,1359500 31897
 60 20150220 010000 1,1359500 1,1369300 1,1356000 1,1367200 28726
 60 20150220 020000 1,1367200 1,1368600 1,1358000 1,1363000 15265
 60 20150220 030000 1,1362200 1,1366600 1,1360000 1,1365500 18912
 60 20150220 040000 1,1365000 1,1366000 1,1356000 1,1363500 24620
 60 20150220 050000 1,1363600 1,1369600 1,1354000 1,1368400 31913
 60 20150220 060000 1,1368600 1,1372600 1,1365000 1,1370800 22791
 60 20150220 070000 1,1370800 1,1372000 1,1362000 1,1366700 16974
 60 20150220 080000 1,1366100 1,1369000 1,1359000 1,1362800 17037
 60 20150220 090000 1,1362800 1,1364900 1,1359000 1,1364100 18304
 60 20150220 100000 1,1364000 1,1367600 1,1352000 1,1359600 28922
 60 20150220 110000 1,1360100 1,1362000 1,1336000 1,1354900 59771
 60 20150220 120000 1,1355100 1,1360000 1,1316000 1,1329400 98533
 60 20150220 130000 1,1329300 1,1334800 1,1301000 1,1329200 102093
 60 20150220 140000 1,1329400 1,1353800 1,1325000 1,1335400 75902
 60 20150220 150000 1,1335300 1,1340000 1,1310000 1,1320300 66157
 60 20150220 160000 1,1320300 1,1340900 1,1296900 1,1313400 110019
 60 20150220 170000 1,1313000 1,1316600 1,1277900 1,1312700 136534
 60 20150220 180000 1,1313000 1,1313400 1,1285000 1,1293100 104480
 60 20150220 190000 1,1293100 1,1374500 1,1284000 1,1369500 121055
 60 20150220 200000 1,1369700 1,1372700 1,1350000 1,1369900 82168
 60 20150220 210000 1,1369900 1,1429700 1,1345600 1,1392200 90029
 60 20150220 220000 1,1392600 1,1423500 1,1382900 1,1387300 69486
 60 20150220 230000 1,1387400 1,1416200 1,1383000 1,1396400 60588
 60 20150221 000000 1,1396700 1,1414900 1,1364000 1,1376900 55578
 60 20150221 010000 1,1376300 1,1384400 1,1369100 1,1381200 26075
 60 20150221 020000 1,1381200 1,1384400 1,1377200 1,1379300 71
 60 20150222 220000 1,1399000 1,1402000 1,1382500 1,1390100 1826
 60 20150222 230000 1,1390000 1,1403000 1,1382500 1,1400200 2068
 60 20150223 000000 1,1400100 1,1412000 1,1394500 1,1400800 3181
 60 20150223 010000 1,1400700 1,1403000 1,1387700 1,1392000 3357
 60 20150223 020000 1,1389600 1,1396100 1,1376000 1,1380100 12260
 60 20150223 030000 1,1379800 1,1384600 1,1375000 1,1377000 15802
 60 20150223 040000 1,1379800 1,1380300 1,1356000 1,1377000 37331
 60 20150223 050000 1,1377400 1,1379700 1,1371000 1,1377300 18364
 60 20150223 060000 1,1377300 1,1393200 1,1375000 1,1385400 24424
 60 20150223 070000 1,1385900 1,1387200 1,1378000 1,1383300 22048
 60 20150223 080000 1,1383300 1,1384600 1,1378000 1,1382000 14536
 60 20150223 090000 1,1381900 1,1382200 1,1371000 1,1377300 19351
 60 20150223 100000 1,1377400 1,1381400 1,1373000 1,1374900 17327
 60 20150223 110000 1,1375000 1,1376400 1,1344000 1,1357300 58469
 60 20150223 120000 1,1357100 1,1363000 1,1327000 1,1343000 89751
 60 20150223 130000 1,1343500 1,1347000 1,1308000 1,1312600 94007
 60 20150223 140000 1,1312100 1,1314600 1,1296000 1,1299200 77438
 60 20150223 150000 1,1299000 1,1314500 1,1292000 1,1311500 67549
 60 20150223 160000 1,1311800 1,1321000 1,1301000 1,1303400 58623
 60 20150223 170000 1,1302600 1,1320600 1,1294000 1,1319900 80482
 60 20150223 180000 1,1320000 1,1330000 1,1314000 1,1324700 73993
 60 20150223 190000 1,1325300 1,1358800 1,1323000 1,1354000 74443
 60 20150223 200000 1,1354200 1,1360500 1,1335000 1,1344300 71552
 60 20150223 210000 1,1344300 1,1345000 1,1319000 1,1331600 43123
 60 20150223 220000 1,1331600 1,1352000 1,1326000 1,1347700 41911
 60 20150223 230000 1,1347500 1,1349800 1,1331000 1,1332200 35826
 60 20150224 000000 1,1332200 1,1335700 1,1328000 1,1331600 32361
 60 20150224 010000 1,1331600 1,1338100 1,1327000 1,1334100 23764
 60 20150224 020000 1,1334100 1,1338800 1,1330000 1,1335900 16739
 60 20150224 030000 1,1335900 1,1340800 1,1329000 1,1333400 25912
 60 20150224 040000 1,1332700 1,1339100 1,1329000 1,1336800 24979
 60 20150224 050000 1,1336300 1,1340100 1,1331000 1,1339400 28056
 60 20150224 060000 1,1339400 1,1341000 1,1321000 1,1326000 37386
 60 20150224 070000 1,1326600 1,1333800 1,1323000 1,1332800 27845
 60 20150224 080000 1,1332400 1,1341000 1,1327000 1,1337700 29490
 60 20150224 090000 1,1338200 1,1339600 1,1327000 1,1329600 23390
 60 20150224 100000 1,1330000 1,1341600 1,1320000 1,1333000 36514
 60 20150224 110000 1,1333100 1,1336100 1,1321000 1,1329200 49044
 60 20150224 120000 1,1329100 1,1330600 1,1308000 1,1319500 76542
 60 20150224 130000 1,1319400 1,1324200 1,1297000 1,1303000 76808
 60 20150224 140000 1,1302900 1,1311900 1,1294000 1,1305300 69908
 60 20150224 150000 1,1305400 1,1334000 1,1303000 1,1320600 65481
 60 20150224 160000 1,1320200 1,1334200 1,1316000 1,1331900 66405
 60 20150224 170000 1,1331800 1,1340100 1,1322000 1,1332700 80602
 60 20150224 180000 1,1332700 1,1334500 1,1314000 1,1318300 86124
 60 20150224 190000 1,1319200 1,1350900 1,1287000 1,1338600 178855
 60 20150224 200000 1,1338300 1,1358100 1,1302000 1,1306200 101578
 60 20150224 210000 1,1305300 1,1348000 1,1299000 1,1335300 91690
 60 20150224 220000 1,1335300 1,1344600 1,1329000 1,1337500 50867
 60 20150224 230000 1,1337800 1,1346900 1,1334000 1,1335700 51155
 60 20150225 000000 1,1335900 1,1344500 1,1332000 1,1342400 37257
 60 20150225 010000 1,1342600 1,1346200 1,1338000 1,1339100 24990
 60 20150225 020000 1,1338700 1,1343400 1,1335000 1,1338800 15249
 60 20150225 030000 1,1339800 1,1342000 1,1333000 1,1339100 23014
 60 20150225 040000 1,1338400 1,1352100 1,1337000 1,1348700 50406
 60 20150225 050000 1,1348700 1,1350300 1,1340000 1,1344700 43288
 60 20150225 060000 1,1344700 1,1349700 1,1339000 1,1348900 30285
 60 20150225 070000 1,1348900 1,1350300 1,1340000 1,1348900 25943
 60 20150225 080000 1,1348900 1,1350100 1,1341000 1,1347300 25120
 60 20150225 090000 1,1347600 1,1350200 1,1341000 1,1348300 27920
 60 20150225 100000 1,1347200 1,1354300 1,1345000 1,1353800 34670
 60 20150225 110000 1,1353700 1,1390000 1,1347000 1,1373300 83934
 60 20150225 120000 1,1373300 1,1381000 1,1355000 1,1377900 87109
 60 20150225 130000 1,1378100 1,1381700 1,1360000 1,1368000 82951
 60 20150225 140000 1,1367700 1,1371300 1,1340000 1,1347600 87097
 60 20150225 150000 1,1347800 1,1358000 1,1339000 1,1342200 67018
 60 20150225 160000 1,1342600 1,1360000 1,1335000 1,1341700 79932
 60 20150225 170000 1,1342000 1,1357600 1,1333000 1,1346000 86668
 60 20150225 180000 1,1348700 1,1351300 1,1337000 1,1348700 84461
 60 20150225 190000 1,1348600 1,1366000 1,1343000 1,1357200 98405
 60 20150225 200000 1,1356500 1,1370000 1,1350000 1,1362000 61909
 60 20150225 210000 1,1361400 1,1364100 1,1352000 1,1363300 44946
 60 20150225 220000 1,1363100 1,1364300 1,1351000 1,1355900 42021
 60 20150225 230000 1,1356100 1,1363300 1,1352000 1,1358900 37425
 60 20150226 000000 1,1358500 1,1364800 1,1354000 1,1364300 32888
 60 20150226 010000 1,1363500 1,1365900 1,1355000 1,1360200 24847
 60 20150226 020000 1,1360600 1,1365600 1,1357000 1,1363800 26234
 60 20150226 030000 1,1363600 1,1365500 1,1357000 1,1362900 22197
 60 20150226 040000 1,1363600 1,1368000 1,1355000 1,1359700 30992
 60 20150226 050000 1,1359700 1,1371900 1,1358000 1,1364900 34299
 60 20150226 060000 1,1364600 1,1368800 1,1361000 1,1368300 24354
 60 20150226 070000 1,1368400 1,1369800 1,1360000 1,1368000 24411
 60 20150226 080000 1,1368000 1,1373600 1,1363000 1,1371300 19622
 60 20150226 090000 1,1371400 1,1372200 1,1361000 1,1363100 16969
 60 20150226 100000 1,1363000 1,1367600 1,1360000 1,1365900 20409
 60 20150226 110000 1,1366400 1,1371500 1,1345000 1,1350200 50001
 60 20150226 120000 1,1350900 1,1366700 1,1346000 1,1353400 76976
 60 20150226 130000 1,1354200 1,1374900 1,1342000 1,1372400 71142
 60 20150226 140000 1,1371800 1,1380000 1,1357000 1,1359800 55164
 60 20150226 150000 1,1359900 1,1361200 1,1346000 1,1349400 50112
 60 20150226 160000 1,1349300 1,1352200 1,1310000 1,1319600 85754
 60 20150226 170000 1,1319600 1,1321400 1,1241600 1,1258500 131106
 60 20150226 180000 1,1259800 1,1263700 1,1218000 1,1225300 140754
 60 20150226 190000 1,1224900 1,1227300 1,1196000 1,1212200 125915
 60 20150226 200000 1,1213300 1,1224900 1,1204000 1,1210000 78004
 60 20150226 210000 1,1210500 1,1218100 1,1185000 1,1194500 68738
 60 20150226 220000 1,1194300 1,1201200 1,1182000 1,1200800 52922
 60 20150226 230000 1,1200800 1,1203800 1,1190000 1,1195000 43257
 60 20150227 000000 1,1195100 1,1201300 1,1190000 1,1197900 41242
 60 20150227 010000 1,1197900 1,1200100 1,1191000 1,1197400 29404
 60 20150227 020000 1,1196600 1,1203800 1,1190000 1,1194900 24988
 60 20150227 030000 1,1194600 1,1206200 1,1192000 1,1202100 34996
 60 20150227 040000 1,1202100 1,1213000 1,1198000 1,1211400 38374
 60 20150227 050000 1,1211400 1,1211800 1,1197000 1,1203200 39559
 60 20150227 060000 1,1203300 1,1210300 1,1200000 1,1208500 34285
 60 20150227 070000 1,1208200 1,1214300 1,1203000 1,1212600 29860
 60 20150227 080000 1,1212900 1,1214400 1,1206000 1,1210500 25965
 60 20150227 090000 1,1210600 1,1215600 1,1205200 1,1214100 21688
 60 20150227 100000 1,1214800 1,1216800 1,1199000 1,1202200 39996
 60 20150227 110000 1,1202200 1,1218100 1,1197000 1,1214600 55893
 60 20150227 120000 1,1213800 1,1227200 1,1194000 1,1217800 96037
 60 20150227 130000 1,1217100 1,1231700 1,1213000 1,1220200 77497
 60 20150227 140000 1,1221100 1,1244600 1,1201000 1,1237200 93297
 60 20150227 150000 1,1237000 1,1242000 1,1218000 1,1222800 65396
 60 20150227 160000 1,1222200 1,1234500 1,1214000 1,1233400 79020
 60 20150227 170000 1,1234300 1,1245100 1,1215000 1,1226400 107579
 60 20150227 180000 1,1226400 1,1230000 1,1173000 1,1186900 117265
 60 20150227 190000 1,1187000 1,1226700 1,1180000 1,1216300 102184
 60 20150227 200000 1,1216200 1,1225400 1,1191000 1,1196300 85246
 60 20150227 210000 1,1196600 1,1199200 1,1184000 1,1194300 50231
 60 20150227 220000 1,1193700 1,1206500 1,1190000 1,1205500 40296
 60 20150227 230000 1,1205400 1,1207700 1,1190000 1,1192400 42532
 60 20150228 000000 1,1192600 1,1194600 1,1182000 1,1189800 34957
 60 20150228 010000 1,1189900 1,1197800 1,1188700 1,1197000 15267
 60 20150228 020000 1,1193600 1,1193600 1,1186600 1,1186600 96
 60 20150228 030000 1,1194000 1,1194000 1,1191600 1,1191600 18
 60 20150301 220000 1,1186000 1,1187000 1,1169200 1,1174900 3300
 60 20150301 230000 1,1174800 1,1183000 1,1172500 1,1180700 2664
 60 20150302 000000 1,1180600 1,1186200 1,1172200 1,1172200 2901
 60 20150302 010000 1,1177000 1,1181700 1,1168500 1,1179300 3718
 60 20150302 020000 1,1181600 1,1187100 1,1177000 1,1181100 12569
 60 20150302 030000 1,1180600 1,1183000 1,1157000 1,1159400 22365
 60 20150302 040000 1,1160300 1,1171600 1,1159000 1,1166000 29457
 60 20150302 050000 1,1166500 1,1175200 1,1163000 1,1172400 23500
 60 20150302 060000 1,1172400 1,1179000 1,1167000 1,1171300 22151
 60 20150302 070000 1,1171400 1,1179400 1,1167000 1,1175900 19469
 60 20150302 080000 1,1175700 1,1179700 1,1173000 1,1178300 16748
 60 20150302 090000 1,1176000 1,1183500 1,1173000 1,1182300 16093
 60 20150302 100000 1,1182300 1,1183600 1,1171000 1,1173400 21497
 60 20150302 110000 1,1174200 1,1181400 1,1164000 1,1177900 42765
 60 20150302 120000 1,1178400 1,1195200 1,1174000 1,1192500 58003
 60 20150302 130000 1,1193000 1,1218100 1,1186000 1,1215800 67513
 60 20150302 140000 1,1215700 1,1220000 1,1209000 1,1215000 52649
 60 20150302 150000 1,1215600 1,1237200 1,1213000 1,1224200 55316
 60 20150302 160000 1,1224400 1,1240500 1,1217000 1,1219300 53998
 60 20150302 170000 1,1219100 1,1233000 1,1209000 1,1222500 62890
 60 20150302 180000 1,1222300 1,1235800 1,1213000 1,1215400 56937
 60 20150302 190000 1,1215100 1,1218300 1,1187000 1,1193300 62537
 60 20150302 200000 1,1193600 1,1200400 1,1177000 1,1188500 52948
 60 20150302 210000 1,1188200 1,1188800 1,1173000 1,1177000 35281
 60 20150302 220000 1,1176800 1,1193400 1,1175000 1,1192000 29385
 60 20150302 230000 1,1192300 1,1198300 1,1184000 1,1185100 30410
 60 20150303 000000 1,1186100 1,1188400 1,1179000 1,1181000 26892
 60 20150303 010000 1,1181200 1,1185500 1,1178000 1,1182400 24311
 60 20150303 020000 1,1183000 1,1185100 1,1176000 1,1178900 19138
 60 20150303 030000 1,1179100 1,1183800 1,1173000 1,1175600 19791
 60 20150303 040000 1,1176300 1,1185700 1,1173000 1,1181800 25856
 60 20150303 050000 1,1181900 1,1194200 1,1179000 1,1193100 25064
 60 20150303 060000 1,1192000 1,1196400 1,1187000 1,1193800 33520
 60 20150303 070000 1,1193800 1,1196100 1,1185000 1,1188400 31844
 60 20150303 080000 1,1188800 1,1200600 1,1186000 1,1197900 29894
 60 20150303 090000 1,1197500 1,1200600 1,1192000 1,1197700 22486
 60 20150303 100000 1,1195000 1,1201100 1,1188000 1,1196500 31656
 60 20150303 110000 1,1196500 1,1212300 1,1194000 1,1204500 54628
 60 20150303 120000 1,1204800 1,1205100 1,1177000 1,1187400 74432
 60 20150303 130000 1,1186900 1,1190000 1,1167000 1,1172100 60519
 60 20150303 140000 1,1172100 1,1175200 1,1163000 1,1171900 65018
 60 20150303 150000 1,1171300 1,1173000 1,1154000 1,1158300 55975
 60 20150303 160000 1,1158100 1,1170000 1,1152000 1,1164300 66978
 60 20150303 170000 1,1163900 1,1177600 1,1162000 1,1169000 75334
 60 20150303 180000 1,1169700 1,1200000 1,1168000 1,1199300 85263
 60 20150303 190000 1,1198700 1,1201000 1,1175000 1,1184700 84228
 60 20150303 200000 1,1183700 1,1212100 1,1179000 1,1211100 84781
 60 20150303 210000 1,1211700 1,1217500 1,1190000 1,1200900 57160
 60 20150303 220000 1,1201000 1,1203200 1,1190000 1,1192100 37601
 60 20150303 230000 1,1192200 1,1193000 1,1176000 1,1177700 48017
 60 20150304 000000 1,1177400 1,1179000 1,1171000 1,1174500 36126
 60 20150304 010000 1,1175000 1,1178100 1,1171000 1,1174700 28743
 60 20150304 020000 1,1174600 1,1181900 1,1171900 1,1180000 18345
 60 20150304 030000 1,1180100 1,1183600 1,1174000 1,1182200 24321
 60 20150304 040000 1,1182100 1,1186600 1,1173000 1,1180500 32447
 60 20150304 050000 1,1180900 1,1182500 1,1173000 1,1178500 28742
 60 20150304 060000 1,1178400 1,1180600 1,1173000 1,1175700 23748
 60 20150304 070000 1,1175900 1,1177100 1,1169000 1,1173400 20068
 60 20150304 080000 1,1173200 1,1173800 1,1163000 1,1167400 25782
 60 20150304 090000 1,1167000 1,1169800 1,1161000 1,1169100 26257
 60 20150304 100000 1,1169200 1,1171200 1,1162000 1,1168000 30209
 60 20150304 110000 1,1168100 1,1180000 1,1159000 1,1175800 53623
 60 20150304 120000 1,1176100 1,1176300 1,1124000 1,1134500 104836
 60 20150304 130000 1,1134400 1,1136300 1,1112000 1,1129700 123431
 60 20150304 140000 1,1130300 1,1140000 1,1118000 1,1123700 96307
 60 20150304 150000 1,1123900 1,1132300 1,1114000 1,1127400 67288
 60 20150304 160000 1,1127400 1,1140000 1,1117000 1,1122400 68523
 60 20150304 170000 1,1122500 1,1144500 1,1114000 1,1133700 101492
 60 20150304 180000 1,1134000 1,1134700 1,1083000 1,1093600 118299
 60 20150304 190000 1,1094900 1,1100000 1,1060000 1,1068800 152033
 60 20150304 200000 1,1068800 1,1080300 1,1062000 1,1069100 82058
 60 20150304 210000 1,1068800 1,1079200 1,1066000 1,1072700 54423
 60 20150304 220000 1,1072400 1,1074300 1,1062000 1,1067900 46385
 60 20150304 230000 1,1067900 1,1074400 1,1066000 1,1073400 33330
 60 20150305 000000 1,1073100 1,1076800 1,1069000 1,1075700 28474
 60 20150305 010000 1,1074600 1,1080100 1,1072000 1,1077200 22874
 60 20150305 020000 1,1076100 1,1083500 1,1074000 1,1080400 10979
 60 20150305 030000 1,1079900 1,1085000 1,1075000 1,1078600 15230
 60 20150305 040000 1,1079100 1,1080700 1,1070000 1,1079900 21584
 60 20150305 050000 1,1079900 1,1082000 1,1070000 1,1072800 21686
 60 20150305 060000 1,1071300 1,1077600 1,1068000 1,1073200 22202
 60 20150305 070000 1,1072800 1,1074600 1,1062000 1,1067500 19028
 60 20150305 080000 1,1065000 1,1069500 1,1054000 1,1060200 23455
 60 20150305 090000 1,1060200 1,1062300 1,1052000 1,1054900 25454
 60 20150305 100000 1,1055100 1,1055400 1,1024000 1,1036000 71155
 60 20150305 110000 1,1035900 1,1056000 1,1030000 1,1050900 70808
 60 20150305 120000 1,1050900 1,1061700 1,1032000 1,1044700 91558
 60 20150305 130000 1,1044200 1,1050000 1,1033000 1,1036400 75301
 60 20150305 140000 1,1035700 1,1053700 1,1034000 1,1052700 67677
 60 20150305 150000 1,1052500 1,1057600 1,1040000 1,1048700 62652
 60 20150305 160000 1,1048900 1,1061700 1,1044000 1,1061400 74730
 60 20150305 170000 1,1061000 1,1114400 1,1026000 1,1032900 138767
 60 20150305 180000 1,1033000 1,1043500 1,1004000 1,1029800 146242
 60 20150305 190000 1,1030200 1,1051600 1,1020000 1,1031000 100148
 60 20150305 200000 1,1032200 1,1037100 1,1000000 1,1005000 85088
 60 20150305 210000 1,1004900 1,1017400 1,0985000 1,1016700 68660
 60 20150305 220000 1,1016500 1,1024600 1,1010700 1,1021900 45158
 60 20150305 230000 1,1022600 1,1034000 1,1017200 1,1026100 35579
 60 20150306 000000 1,1025900 1,1030700 1,1023000 1,1026000 33365
 60 20150306 010000 1,1027700 1,1030900 1,1022000 1,1028800 25942
 60 20150306 020000 1,1028800 1,1032700 1,1025200 1,1030900 17060
 60 20150306 030000 1,1031600 1,1032000 1,1025000 1,1031100 19679
 60 20150306 040000 1,1031100 1,1032500 1,1014000 1,1019700 36668
 60 20150306 050000 1,1019700 1,1028400 1,1016000 1,1026400 33147
 60 20150306 060000 1,1026300 1,1030700 1,1020000 1,1022700 25442
 60 20150306 070000 1,1023300 1,1027600 1,1017000 1,1027100 23501
 60 20150306 080000 1,1027100 1,1030000 1,1020000 1,1024900 18309
 60 20150306 090000 1,1024900 1,1025700 1,1017000 1,1022100 15623
 60 20150306 100000 1,1022200 1,1025000 1,1012000 1,1015000 25635
 60 20150306 110000 1,1014900 1,1025400 1,1008000 1,1022000 51833
 60 20150306 120000 1,1024600 1,1025700 1,0994000 1,0995600 79647
 60 20150306 130000 1,0995900 1,1000300 1,0962000 1,0967400 111898
 60 20150306 140000 1,0967100 1,0974500 1,0960000 1,0970200 84697
 60 20150306 150000 1,0970000 1,0973100 1,0927000 1,0938600 84435
 60 20150306 160000 1,0938300 1,0971400 1,0933000 1,0970300 112199
 60 20150306 170000 1,0969900 1,0988600 1,0869700 1,0894900 148814
 60 20150306 180000 1,0895200 1,0900200 1,0854000 1,0855200 153105
 60 20150306 190000 1,0856600 1,0888300 1,0842900 1,0860000 131966
 60 20150306 200000 1,0860000 1,0874600 1,0848000 1,0854000 96276
 60 20150306 210000 1,0854200 1,0861900 1,0843000 1,0855500 67096
 60 20150306 220000 1,0855100 1,0857800 1,0840000 1,0852600 53013
 60 20150306 230000 1,0852100 1,0864200 1,0847000 1,0856100 51617
 60 20150307 000000 1,0855000 1,0858700 1,0844000 1,0848800 38580
 60 20150307 010000 1,0849300 1,0855000 1,0838000 1,0840100 26057
 60 20150307 020000 1,0840000 1,0850000 1,0834600 1,0845500 171
 60 20150308 220000 1,0830000 1,0839000 1,0821800 1,0832800 3730
 60 20150308 230000 1,0832700 1,0837400 1,0825100 1,0827200 2694
 60 20150309 000000 1,0827100 1,0835300 1,0821500 1,0829800 3652
 60 20150309 010000 1,0830400 1,0840100 1,0825000 1,0830900 16797
 60 20150309 020000 1,0830500 1,0840600 1,0820000 1,0837600 19434
 60 20150309 030000 1,0838200 1,0846300 1,0835000 1,0844400 18232
 60 20150309 040000 1,0844300 1,0855900 1,0841000 1,0846400 25659
 60 20150309 050000 1,0846600 1,0848000 1,0836000 1,0840700 18877
 60 20150309 060000 1,0840800 1,0844400 1,0834000 1,0843200 29597
 60 20150309 070000 1,0842400 1,0844400 1,0833000 1,0837400 25056
 60 20150309 080000 1,0837700 1,0843600 1,0835000 1,0840800 18323
 60 20150309 090000 1,0840800 1,0844000 1,0833000 1,0841400 23253
 60 20150309 100000 1,0841600 1,0859900 1,0840800 1,0857400 32838
 60 20150309 110000 1,0857700 1,0870000 1,0851000 1,0863800 56474
 60 20150309 120000 1,0863900 1,0893000 1,0860000 1,0891400 90513
 60 20150309 130000 1,0890500 1,0900000 1,0868000 1,0891500 87508
 60 20150309 140000 1,0891600 1,0906500 1,0876000 1,0879900 83884
 60 20150309 150000 1,0876700 1,0882100 1,0856000 1,0860300 70104
 60 20150309 160000 1,0860500 1,0870000 1,0845000 1,0857800 71485
 60 20150309 170000 1,0858700 1,0874200 1,0853000 1,0858500 78453
 60 20150309 180000 1,0858700 1,0864800 1,0844000 1,0846000 85708
 60 20150309 190000 1,0846100 1,0860000 1,0839000 1,0845400 85258
 60 20150309 200000 1,0846000 1,0854800 1,0836000 1,0847300 59462
 60 20150309 210000 1,0846900 1,0862200 1,0845000 1,0859000 47266
 60 20150309 220000 1,0859200 1,0862300 1,0850000 1,0856300 35207
 60 20150309 230000 1,0857000 1,0863000 1,0850000 1,0855600 38446
 60 20150310 000000 1,0855400 1,0856600 1,0845000 1,0850500 28176
 60 20150310 010000 1,0851300 1,0853200 1,0846000 1,0851500 17827
 60 20150310 020000 1,0852200 1,0855900 1,0843000 1,0847100 17184
 60 20150310 030000 1,0847100 1,0848000 1,0827000 1,0834900 37680
 60 20150310 040000 1,0834400 1,0837100 1,0822000 1,0831800 38789
 60 20150310 050000 1,0832300 1,0834300 1,0823000 1,0830900 41440
 60 20150310 060000 1,0830600 1,0833300 1,0820000 1,0824800 40361
 60 20150310 070000 1,0824700 1,0826400 1,0784000 1,0797700 76920
 60 20150310 080000 1,0797800 1,0804600 1,0790000 1,0795900 42134
 60 20150310 090000 1,0796300 1,0802600 1,0792000 1,0797300 34498
 60 20150310 100000 1,0797900 1,0801000 1,0786000 1,0797600 46694
 60 20150310 110000 1,0797300 1,0823800 1,0790000 1,0802400 87360
 60 20150310 120000 1,0802800 1,0804100 1,0733000 1,0756700 148887
 60 20150310 130000 1,0756900 1,0770000 1,0740000 1,0753500 137332
 60 20150310 140000 1,0753300 1,0770000 1,0741000 1,0758600 92221
 60 20150310 150000 1,0758900 1,0764000 1,0727000 1,0732400 104850
 60 20150310 160000 1,0732400 1,0780700 1,0720000 1,0743300 141710
 60 20150310 170000 1,0742900 1,0793000 1,0729000 1,0769000 136205
 60 20150310 180000 1,0768300 1,0772000 1,0739000 1,0757200 105263
 60 20150310 190000 1,0756700 1,0761000 1,0702000 1,0706200 88437
 60 20150310 200000 1,0706800 1,0732200 1,0696300 1,0717500 62765
 60 20150310 210000 1,0718100 1,0725100 1,0704000 1,0723700 42781
 60 20150310 220000 1,0723700 1,0724300 1,0692000 1,0697100 49947
 60 20150310 230000 1,0697300 1,0702500 1,0691000 1,0699800 52596
 60 20150311 000000 1,0699500 1,0705100 1,0693000 1,0696800 43617
 60 20150311 010000 1,0697100 1,0698300 1,0665700 1,0679300 33821
 60 20150311 020000 1,0678900 1,0693000 1,0678000 1,0685900 32156
 60 20150311 030000 1,0685900 1,0715500 1,0684000 1,0705600 42861
 60 20150311 040000 1,0706200 1,0717000 1,0695000 1,0701800 43855
 60 20150311 050000 1,0701700 1,0712000 1,0698000 1,0704200 45701
 60 20150311 060000 1,0704200 1,0705400 1,0679000 1,0684900 48501
 60 20150311 070000 1,0684600 1,0688900 1,0674000 1,0682400 44522
 60 20150311 080000 1,0682100 1,0683700 1,0663000 1,0680400 47712
 60 20150311 090000 1,0680500 1,0693200 1,0676000 1,0688400 47084
 60 20150311 100000 1,0687800 1,0696000 1,0686000 1,0692400 27623
 60 20150311 110000 1,0693000 1,0696900 1,0668000 1,0682700 101313
 60 20150311 120000 1,0682800 1,0684200 1,0637000 1,0644600 164096
 60 20150311 130000 1,0644700 1,0651000 1,0592000 1,0601900 141318
 60 20150311 140000 1,0601600 1,0607200 1,0557000 1,0573500 133536
 60 20150311 150000 1,0573600 1,0604100 1,0562000 1,0600600 110575
 60 20150311 160000 1,0601400 1,0628100 1,0582000 1,0596000 125272
 60 20150311 170000 1,0596900 1,0607500 1,0571000 1,0599400 126543
 60 20150311 180000 1,0600600 1,0606000 1,0566000 1,0573400 121356
 60 20150311 190000 1,0574300 1,0600700 1,0556000 1,0574000 124304
 60 20150311 200000 1,0573300 1,0591700 1,0568000 1,0572500 85799
 60 20150311 210000 1,0572500 1,0577100 1,0508000 1,0531200 124991
 60 20150311 220000 1,0531600 1,0546200 1,0515200 1,0529700 81443
 60 20150311 230000 1,0531700 1,0555700 1,0529600 1,0538800 65020
 60 20150312 000000 1,0540600 1,0554600 1,0536600 1,0546000 51881
 60 20150312 010000 1,0546400 1,0549000 1,0537000 1,0544200 20989
 60 20150312 020000 1,0544700 1,0555600 1,0540000 1,0550700 27927
 60 20150312 030000 1,0550700 1,0552200 1,0540000 1,0546700 26685
 60 20150312 040000 1,0547100 1,0552600 1,0531000 1,0549700 56048
 60 20150312 050000 1,0549300 1,0553100 1,0531000 1,0532700 42936
 60 20150312 060000 1,0532400 1,0537400 1,0503000 1,0507600 66783
 60 20150312 070000 1,0506700 1,0526300 1,0493000 1,0496700 58159
 60 20150312 080000 1,0496400 1,0519700 1,0495800 1,0513000 52258
 60 20150312 090000 1,0512600 1,0535500 1,0506000 1,0528900 41531
 60 20150312 100000 1,0529300 1,0576100 1,0526000 1,0567300 78458
 60 20150312 110000 1,0567500 1,0641000 1,0553000 1,0635100 150783
 60 20150312 120000 1,0635100 1,0643000 1,0583000 1,0596000 155388
 60 20150312 130000 1,0596500 1,0610000 1,0577000 1,0599800 119918
 60 20150312 140000 1,0600200 1,0620400 1,0585000 1,0618800 100609
 60 20150312 150000 1,0618700 1,0645100 1,0601000 1,0639200 112921
 60 20150312 160000 1,0638900 1,0683800 1,0612700 1,0639400 159642
 60 20150312 170000 1,0639400 1,0645000 1,0599700 1,0614000 149610
 60 20150312 180000 1,0613800 1,0646100 1,0587000 1,0637500 129002
 60 20150312 190000 1,0638200 1,0640900 1,0605000 1,0613900 115162
 60 20150312 200000 1,0614000 1,0622400 1,0589000 1,0599200 79914
 60 20150312 210000 1,0599400 1,0615200 1,0588000 1,0609000 84633
 60 20150312 220000 1,0609400 1,0621100 1,0595900 1,0599200 62962
 60 20150312 230000 1,0599300 1,0622000 1,0597000 1,0618300 54429
 60 20150313 000000 1,0617000 1,0639900 1,0616000 1,0633600 46622
 60 20150313 010000 1,0633200 1,0635000 1,0620000 1,0624300 24130
 60 20150313 020000 1,0623900 1,0625400 1,0615000 1,0621700 42096
 60 20150313 030000 1,0622000 1,0629000 1,0620000 1,0626000 22573
 60 20150313 040000 1,0626000 1,0628000 1,0605000 1,0607600 46256
 60 20150313 050000 1,0607600 1,0615300 1,0604000 1,0608500 34366
 60 20150313 060000 1,0608800 1,0614600 1,0604000 1,0611900 32032
 60 20150313 070000 1,0611700 1,0618500 1,0606000 1,0613700 30209
 60 20150313 080000 1,0614200 1,0614300 1,0599000 1,0604200 31139
 60 20150313 090000 1,0603800 1,0606400 1,0593000 1,0600300 29317
 60 20150313 100000 1,0600200 1,0600300 1,0562000 1,0578800 59050
 60 20150313 110000 1,0578700 1,0617600 1,0569000 1,0612100 87376
 60 20150313 120000 1,0612000 1,0634700 1,0600000 1,0618400 99845
 60 20150313 130000 1,0618200 1,0619000 1,0589000 1,0608000 95708
 60 20150313 140000 1,0607700 1,0612700 1,0576000 1,0581500 97858
 60 20150313 150000 1,0581800 1,0591700 1,0559000 1,0566000 79382
 60 20150313 160000 1,0566700 1,0598700 1,0563000 1,0582900 109042
 60 20150313 170000 1,0582500 1,0583900 1,0529000 1,0531800 136109
 60 20150313 180000 1,0532500 1,0540300 1,0501000 1,0513400 150753
 60 20150313 190000 1,0513100 1,0525800 1,0481200 1,0522800 145910
 60 20150313 200000 1,0522500 1,0532500 1,0507000 1,0511700 74679
 60 20150313 210000 1,0511200 1,0512100 1,0463000 1,0491700 100349
 60 20150313 220000 1,0491500 1,0492300 1,0461000 1,0472900 81852
 60 20150313 230000 1,0473000 1,0488500 1,0469000 1,0476000 61513
 60 20150314 000000 1,0477400 1,0498000 1,0475000 1,0494900 35561
 60 20150314 010000 1,0494100 1,0500000 1,0480500 1,0500000 442
 60 20150314 020000 1,0500000 1,0500000 1,0500000 1,0500000 46
 60 20150315 220000 1,0479000 1,0485400 1,0469500 1,0473000 2025
 60 20150315 230000 1,0476000 1,0478100 1,0451500 1,0464600 3478
 60 20150316 000000 1,0464500 1,0477200 1,0461500 1,0465100 3599
 60 20150316 010000 1,0465000 1,0472900 1,0464900 1,0472900 113
